        0.00000|    17321.08884|    15601.56236|    11685.75858|    12566.47027|     9765.42004|    13225.58718|    15451.49732|    11923.05805|    16316.95871|    21056.31443|    17689.41090|    11681.38265|    13124.77506|    18887.42475|    29534.39313|    15798.51603|    20489.18860|    20434.96575|     8855.41523|    24610.87933|    13079.34197|     4200.08726|    15026.99502|    16283.44608|    11621.87081|    10229.33913|    17198.05375|    11831.25019|    19734.86810|    14375.57741|     9990.41103|    18335.73538|    14430.65226|    15287.35547|    17855.89784|    17902.48547|    18431.35784|    15958.68356|    13406.22984|    15076.67031|    14611.70148|    12501.40579|    17241.96212|     7720.39126|    20770.63907|    16562.18367|    13729.76982|    14026.53029|    18127.22247|    16504.45471|    17538.46732|    18597.31959|    12276.90945|    16635.26825|    18399.93731|    23752.68417|    10512.35043|    12095.11722|    16372.04559|    11188.61941|    12686.34736|    17185.04479|    14875.16523|    10961.24254|    15046.67885|    12800.69351|    16906.87369|    14629.15583|    12296.37007|    19926.69991|    16625.63789|    14593.07027|    14321.45476|    13538.89903|    19496.31726|    11926.59965|    19027.18458|    19534.23154|     3236.95229|    12515.49573|    21888.77497|    14951.77420|    14277.32842|     9433.22196|    11908.09077|    13967.37952|    16778.44524|    20445.63658|    19913.35954|    19893.79382|    24872.19153|    20482.03465|    16228.60085|    14002.45681|    12830.13421|    17257.85900|    13146.20958|    11381.71007|    17464.95152|    14445.48511|    15020.90718|     2087.34496|     8259.76912|        0.00000|    21133.97474|    19055.78882|    17594.94101|    16446.59255|    16350.55993|     9130.92927|    16608.37410|    21875.60772|    10934.40848|    13257.21986|    20898.01295|    15790.35743|     6191.51790|    13318.36646|    20883.96246|    20551.32958|    11876.52827|    10523.35016|    14011.75109|    15314.28555|     9259.68656|    15826.43081|    13219.79222|    16180.73207|    15061.63521|    17019.55592|    13724.59880|    15386.25660|    17855.50504|    12109.02771|    15800.93073|    16698.81768|    11182.22726|    12698.27448|    15063.50592|    15630.92846|    15092.76196|    20504.73508|    15741.75221|    13965.78325|    14919.81721|    12949.01616|    12888.26202|    17096.55248|    16529.13954|
    17321.08884|        0.00000|     5157.84783|    15788.69981|     8192.93992|    15247.75225|     8148.27339|    15716.25187|    14430.49394|     6312.25037|    17726.19955|    14348.80153|    13232.86208|     6890.83298|    16458.43380|    19856.88292|    16807.70760|    10811.67839|    16383.09290|    12480.66894|    25412.42993|     7651.35042|    16530.60513|    15616.17257|    13376.99100|    10459.06590|    11487.31582|    17310.69432|     9184.70250|    16329.36841|    11729.02972|    12090.52568|    16886.47419|     8198.55681|    14421.11520|    12950.10895|    15211.87514|    17818.23257|    16233.00522|    14909.04069|    13169.79328|     9491.61160|    12766.16034|    12924.67522|    12295.21679|    16453.35216|    12510.31083|    16326.18643|    12119.65326|    12811.86128|    16609.90590|     9504.79181|     6995.84323|    14194.32975|     4730.19598|    11552.53943|    18949.69861|    15841.20157|    11228.87696|    17609.60296|    12691.43026|    11525.09384|     2048.93192|     6841.48972|     9054.36551|    12320.38458|    11309.39534|    18089.95138|    11982.60814|     8434.32232|    15609.41300|    11063.87840|    12686.19324|     8200.40104|    11632.02200|    17589.44024|    12404.09635|    16264.37286|    20004.67085|    16383.35120|    12978.89478|    23440.25440|    12522.68419|    15750.47596|    11326.18824|    10967.32107|    11538.38858|    16624.71836|    10440.92824|    14026.50669|    16582.59527|    13698.15283|    17835.48695|     1092.48799|     7714.19815|     9691.72159|    14006.58950|    11239.33256|    13481.82471|     9431.27600|    15996.96455|     9518.72723|    15233.74388|     9061.31972|        0.00000|    14845.71608|    13627.79727|     4730.50593|    12316.21109|    14443.68290|     8190.15957|    15518.67427|    19229.06003|    16263.25962|    10005.95035|    15498.07111|    14268.81617|    14539.17449|    11595.87827|    15455.97091|    20349.45851|    14845.83208|    13831.32543|    12150.54861|    16115.83614|    12105.77767|     5539.03342|    13690.23153|    15387.23940|     3460.15885|    14035.63562|     9594.21734|    16889.06746|    18695.89757|    12221.66828|    12549.66122|    11318.74309|    11446.98181|    14249.75392|    11840.32833|    13851.84059|     2228.32688|     9779.15011|    14800.98251|    15148.86094|    13012.94018|    21909.94377|    14391.07287|    15208.70082|    14622.26251|
    15601.56236|     5157.84783|        0.00000|    12113.80004|     3035.09209|    10089.90442|     2990.42556|    10714.48164|     9272.64611|     7013.44443|    14022.07202|     9190.95370|     8623.64946|     7592.02705|    17012.83869|    14699.03509|    11649.85976|     5653.83056|    11225.24507|    11893.59926|    25097.35760|     7064.28073|    13990.08964|    11342.29471|     8219.14317|     5301.21807|     6329.46799|    14915.84216|     4026.85466|    13414.21536|     6571.18188|     6932.67784|    12305.25625|     8899.75088|    13686.37291|    13397.75621|    10054.02731|    13237.01464|    14871.88065|     9911.37335|    10994.93106|     4333.76377|     7764.39012|    11329.65647|     7881.17110|    14858.33342|     7352.46299|    11168.33859|    12820.84733|    13513.05535|    11452.05807|     4346.94397|     7697.03729|    12437.68929|     5431.39005|    10191.41486|    16706.98467|    10683.35373|    11930.07102|    12687.34529|     7864.97395|     6367.24600|     5021.80378|     1683.64189|     9755.55958|    10937.57890|     6151.54751|    12932.10355|     6824.76031|     7847.25263|    14014.39426|     5906.03056|    10884.54959|     3042.55320|    11938.72083|    17896.13906|     9644.38806|    11683.15493|    14846.82302|    12364.61007|     8430.99619|    18831.04178|    13223.87826|    10592.62812|     6168.34041|    11668.51514|    12092.79347|    13897.47034|    11142.12231|    12665.38212|    11876.72940|    10538.12668|    12677.63912|     4065.35985|     2556.35031|     4533.87376|     8848.74166|    11940.52663|     8323.97688|     4273.42817|    11387.75192|    12491.59909|    13514.21740|     8746.24739|        0.00000|     9687.86824|    11718.22666|     5431.70000|    10125.93981|    14750.38172|     8891.35364|    10360.82643|    14071.21220|    11105.41178|     4848.10252|    10340.22327|     9110.96834|    11998.65900|    10260.63327|    10741.32545|    15191.61068|     9687.98425|    10481.10170|     6992.70078|    15800.76382|     8678.95155|     6240.22749|     8532.38369|    10229.39157|     4161.35292|     8877.78779|     7403.94606|    11891.40012|    13538.04973|     9826.81613|     7391.81339|    10731.67340|     6445.21159|     9640.54129|     7259.11040|     8693.99276|     2929.52095|    10226.79737|    15502.17657|     9991.01311|    13714.13425|    16752.09593|     9564.61656|    10050.85298|    12278.10578|
    11685.75858|    15788.69981|    12113.80004|        0.00000|     9078.70795|    16133.52028|    10561.20225|    16217.33795|    18291.15828|    13947.56598|    25361.51516|    16881.31101|     7498.40255|     8897.86682|    18465.46764|    26812.83513|    10621.29603|    17767.63060|    15475.76481|    11877.88431|    31296.11096|    13079.91422|    11205.41762|    12362.61009|    15169.86161|     7438.89071|    13476.74899|    14533.66882|     8086.94537|    13939.96037|     5542.61815|     5807.43094|    13158.51538|    12061.25953|    12561.12600|    17244.48618|    17744.38462|    13254.13784|    14680.10227|    14151.53278|    12412.28538|    15465.13254|    13267.24642|    17201.85472|     5056.00633|    20730.53166|    17328.02431|    20097.87005|    11362.14536|     9390.20346|    19142.41537|    15844.10738|    15206.22151|     9612.52452|    16062.24202|     9999.63648|    19231.89026|    16880.45066|    15117.58630|    13707.66066|    11933.92236|    13431.65030|    15652.65575|    13797.44192|     8296.85761|     8659.40927|    13722.32420|    19312.58827|    10884.85102|    12458.17729|    19886.59251|    13596.38787|    11928.68534|    15156.35324|    10874.51410|    16831.93233|     9262.21472|    14807.99755|    12568.65338|     9539.44530|    11190.59239|    17483.61876|     3266.01562|    11612.94350|     6768.83703|    11296.67910|    13545.42241|    18443.79905|    18076.24385|    12473.60374|    15710.81373|    22651.92672|    11649.07539|    14696.21182|    14670.15035|    16634.95537|    16496.09378|    10481.82465|     4416.13190|    16387.22821|    10262.50502|    14409.49551|     9598.41362|    14945.00075|        0.00000|    21801.66828|    15446.87796|    16062.55197|    12263.61246|    13686.17500|    14073.84060|    13943.98917|    18131.30291|    17302.50871|    15870.24316|    18030.58058|    11607.37734|     9213.98698|     9135.38636|    20175.06901|    14163.04695|    14543.28379|    13778.72680|    14853.95100|    21999.51717|    15826.23255|    16871.07946|     6254.21406|    16273.00743|    12328.54095|    16408.14425|     9541.61870|    16131.55955|    13318.78736|     9444.64278|    15039.16550|    15595.92259|    14586.42496|     8515.29439|    11319.20111|     8665.35030|    13560.37292|    20415.44502|    15130.34054|    16371.49783|    12255.43228|    19954.34652|    13633.56497|    13240.72859|    13864.75461|
    12566.47027|     8192.93992|     3035.09209|     9078.70795|        0.00000|     7054.81233|     6025.51765|    12203.31048|     9212.45034|    10048.53652|    17057.16412|    11398.79619|     9217.69016|    10250.46282|    17709.92370|    17734.12718|     8614.76767|     8688.92265|    14260.33716|    12658.16602|    28132.44969|     8412.99623|    12591.86760|    12152.68277|    11254.23526|     8336.31016|     7682.06069|    14137.65066|      991.76257|    11933.43201|     3536.08979|     7526.71854|     9270.16416|     8425.67082|    12353.75203|    16432.84831|    12261.86981|    10201.92255|    13248.07585|     7106.23572|     8333.05754|     7368.85586|     9253.21895|    13686.32102|     4846.07901|    17214.99797|    10387.55508|    11019.16210|    11152.21804|    13491.95218|    13659.90056|     7382.03606|    10732.12939|     9402.59720|     8466.48214|    13226.50695|    16179.67497|     7801.74271|    14879.99353|    12832.46351|     9323.84615|     9402.33810|     8056.89587|     4718.73398|     8086.93029|     7927.08722|     9186.63960|    15967.19564|     3789.66822|     9195.96813|    16371.05881|     8113.87306|     7849.45750|     6077.64529|     8903.62874|    14861.04697|     8866.19656|     8648.06284|    14384.47624|     9329.51798|     5395.90409|    19299.44162|    12344.72356|    11403.01618|     3133.24831|    11086.75178|    13441.50896|    16492.47869|    14177.21440|    12793.76791|    14911.82149|    13573.21877|     9642.54703|     7100.45194|     5591.44240|     7568.96585|    11883.83375|     9296.31818|     8918.01757|     7308.52026|    11981.79262|    14199.56819|    10479.12531|    11781.33948|        0.00000|    12722.96034|    14389.44308|     8466.79209|    13161.03190|    11715.28963|    11926.44573|     8497.50728|    11036.12011|     8223.80077|     7883.19461|    12548.06577|    12146.06043|    14583.29824|    10854.67397|    13776.41754|    12156.51859|    12536.75543|    12851.68138|    10027.79287|    18835.85591|    10031.54426|     9275.31958|     8070.03691|     7194.29948|     7196.44501|    11085.63028|    10439.03815|     9086.26249|    15134.61022|     9048.62463|    10426.90548|    12080.38890|     9480.30368|    10234.58199|     4224.01831|     5658.90067|     5964.61304|    13261.88946|    14920.41322|    13026.10520|    11069.92580|    19387.25390|    11023.48876|    13085.94507|     9243.01369|
     9765.42004|    15247.75225|    10089.90442|    16133.52028|     7054.81233|        0.00000|    13080.32998|    16634.02993|     2157.63801|    17103.34885|    11290.89438|    10881.56111|    13724.14152|    16222.86376|    17674.45538|    19768.97309|    15669.58000|    10723.76856|    13782.53760|    10220.66076|    26700.86185|     9291.84122|     5565.33278|    12669.53792|    11649.84306|    13528.15590|    14187.00429|    18891.61400|     8046.57490|    18160.57898|    10590.90212|    14581.53087|    16324.97649|    15480.48315|    16652.60099|     9553.02769|    15554.60389|    17256.73488|     6193.26352|    12639.87691|    13552.22360|     6891.05631|    13683.93841|     8539.32976|    11900.89134|    12068.00671|     9909.75553|     3964.34977|    17124.61899|    19678.31832|    16952.63465|    12204.48027|    17786.94171|    13803.46204|    15521.29447|    10873.72931|    15552.61734|      746.93038|    13460.36275|    11272.38589|    10422.26649|     8924.53854|    14894.25972|     9541.17819|    14059.33124|    12236.66992|    13983.22613|    14756.59908|    10844.48055|     8508.86932|    11224.06755|    14166.48425|    14035.82364|    13132.45762|    15089.99488|    21047.41311|    15546.79928|    15702.87517|    20956.30446|     8827.68240|    12450.71642|    22593.29718|    17607.35017|    11919.87133|    10188.06064|    12255.75299|    12754.41016|    14401.66873|    18576.16569|    10632.61400|    18413.80584|    17845.40619|    16543.83535|    14155.26427|    10413.88662|    14623.77818|     9352.94005|    15482.68432|    15972.82990|     8516.41177|    14454.46032|    15368.56940|     7678.07508|    10349.75164|        0.00000|    17545.40455|    13454.66735|    15521.60442|    14147.42166|    17901.65578|     9478.59149|    10865.02483|    18090.93244|     1168.98844|     5352.30091|    16803.70482|     9615.16673|     7556.76343|    13236.36908|    17096.46171|    19057.80691|    12245.27678|     8433.28797|     9549.99331|    17404.26806|    14850.41668|    16330.13191|    14641.86514|    14090.66988|    14251.25734|    13498.02027|    11425.42791|    14036.20468|    16095.34227|    15729.22734|     7896.01178|     6933.39763|    12364.75988|    12707.24968|    11278.83064|    12713.71300|    13019.42537|    12723.98653|    16089.41443|    11815.50863|    17256.29195|    14314.26169|    12121.90910|    14293.41701|    16297.82602|
    13225.58718|     8148.27339|     2990.42556|    10561.20225|     6025.51765|    13080.32998|        0.00000|     9048.85826|    12263.07166|     9914.31965|    17012.49758|    12181.37925|     9655.36684|    10582.45261|    14022.41314|    17689.46065|    14640.28532|     8644.25611|    14032.32669|     8903.17370|    22106.93205|     4073.85518|    11806.77779|    12811.79968|    11209.56872|     8291.64362|     9319.89355|    14982.85842|     7017.28022|    14508.53674|     9561.60744|     8771.33932|    13308.97895|     8028.01320|    15335.11394|    15351.95056|    13044.45286|    14240.73734|    13990.55976|     8245.74997|    12861.47497|     7324.18932|     6098.76673|     9347.17998|     5505.19592|    12875.85692|    10159.54462|    14158.76415|    11811.33495|    15912.02713|    14442.48362|     7337.36953|    10687.46285|    10061.71411|     8421.81561|    13181.84042|    19697.41022|    12618.76601|    12142.87570|    14156.85025|    10463.36039|     9357.67156|     8012.22934|     4674.06744|     8746.04720|     7947.15335|     3161.12195|    15477.99122|     8697.18318|     4856.82708|    12031.91777|     8896.45612|    12377.87493|     6032.97876|    11323.70369|    17281.12193|     9711.40431|    12686.87762|    11856.39746|     9988.63489|    10478.33647|    16771.36284|    13827.21787|    12062.13309|     3792.36523|     9404.14348|     9102.36792|    13047.22312|    14042.99752|    15655.80768|    14593.81039|    13528.55224|    15668.06468|     7055.78540|     5546.77587|     7524.29931|    11839.16722|    10931.01425|     7380.04029|     7263.85373|    12419.46931|    12516.95989|    11138.24222|     5755.82184|        0.00000|    12678.29380|    10050.30203|     8422.12556|    10495.37942|    14135.36459|     6626.98198|    12536.32207|    15943.63507|    13040.82406|     7838.52807|    13330.64883|    12101.39389|     9815.34715|     8018.38303|    11878.47567|    14148.69052|    11924.28674|    12010.49376|     9983.12633|    12810.33826|    11669.37711|     9230.65304|     5541.95814|    13219.81713|     7151.77847|    11868.21334|     7773.38567|    10225.77673|    12606.53144|     9893.83238|    10382.23894|     7741.24785|     4779.58820|    10672.25868|     8262.83309|     7953.09438|     5919.94651|    13217.22292|    13237.80492|    12536.90078|    12704.62187|    19297.98361|    12163.00300|    13041.27854|    14313.94420|
    15451.49732|    15716.25187|    10714.48164|    16217.33795|    12203.31048|    16634.02993|     9048.85826|        0.00000|    15419.15781|     9404.00150|    20817.95068|    10231.74509|    13598.41182|    10084.01287|    17290.74668|    25413.51673|    15623.63369|    16368.31220|    10883.65148|     8915.70641|    27528.68281|     8908.13252|    13571.03439|    16903.89276|     5926.95276|    13144.44719|    11931.24901|    18761.62470|    11211.54790|    10011.90719|    13755.87512|    14775.90697|    13894.13820|     7517.69506|    15347.64665|    16868.10891|    12655.71776|    12990.79188|    12856.86597|     5097.07476|    12035.90811|    10029.56863|     2950.09152|     9037.46606|    11161.33162|    12566.14301|     7010.86941|    17314.85030|    10985.76809|    13923.18885|    14053.74852|    11694.14184|    15791.77739|    11644.58001|    15989.79409|     8176.40019|    16909.28967|    15887.09955|    12155.40841|    14396.41594|     7314.68518|     8812.41313|    14510.55101|     9030.83976|     7920.48034|    13577.16668|     5887.73631|    11185.70603|     8413.64226|     8125.16061|    11722.20385|    12737.84710|    11552.30807|    13757.03485|    10498.13683|    16455.55507|    13490.17060|    13272.03688|    20905.25572|    14513.75968|    14217.40561|    20479.52572|    14910.02105|    16194.40914|    12810.11757|    10920.30184|    12370.70145|    14483.31772|    13532.67938|    10650.36745|    18030.09714|    21252.60833|     7721.02221|    14623.76388|     8158.13133|    15248.35540|    19447.31105|    10105.44739|    16167.20600|    11620.62604|    14328.73062|    14033.11825|    13364.15235|    14568.62348|        0.00000|    12328.17843|    14884.57937|    14998.43368|    13763.71296|    13309.79773|    13697.46334|    13121.48132|    15660.09415|    16309.15760|    15562.58416|    16821.45827|    15673.60294|    11579.60375|    12852.66037|     7652.11004|    10234.99377|    11936.81945|    15278.82730|    12688.50563|    18232.08903|    12950.71227|    16798.63152|    14590.81640|    19397.60996|    12256.09302|    15444.69966|    11041.71920|     7077.10152|    13981.57081|    13672.59867|    17990.38277|    10643.39819|     4269.27006|    12581.51999|     8847.99235|    14420.91002|    13487.92499|    15922.60223|    14753.96327|     8244.61559|    11879.05501|    15005.69842|     9014.32779|    11375.38482|    13488.37734|
    11923.05805|    14430.49394|     9272.64611|    18291.15828|     9212.45034|     2157.63801|    12263.07166|    15419.15781|        0.00000|    16286.09054|     9133.25637|    11545.33835|    12796.38420|    16491.34970|    18338.23262|    20432.75033|    17827.21801|    11387.54580|    15940.17561|    12378.29877|    24872.90850|     8443.15230|     7722.97079|    11622.22470|     9492.20506|    12030.91273|    15602.11410|    16733.97599|    10204.21291|    17906.96302|    12748.54013|    13662.37250|    17678.27607|    16276.96212|    18810.23900|    11710.66570|    15359.24485|    18610.03445|     8325.24101|    14797.51492|    15709.86161|     9048.69431|    14347.71565|     6381.69175|    14058.52935|     9910.36870|    12067.39354|     1895.69249|    17393.10493|    20466.03117|    16757.27561|    13619.59008|    16969.68340|    15961.10005|    14704.03616|    10948.94325|    17710.25535|     1410.70762|    15618.00076|     9114.74788|    12579.90449|    11082.17655|    14045.57079|    10956.28799|    14327.81717|    13112.18646|    14647.00336|    12598.96107|    13002.11856|     9172.64656|     9066.42954|    14830.26149|    16193.46165|    12315.19931|    15877.70773|    21835.12596|    14619.04196|    17056.17474|    21831.82099|    10985.32041|    14608.35443|    23003.77652|    17682.56412|    11209.46505|    12345.69865|    11327.99568|    13418.18739|    13473.91142|    16418.52768|     8474.97599|    17482.67571|    16917.64887|    15616.07804|    13338.00596|    11828.99642|    13806.51987|     8425.18274|    15485.01829|    15053.67153|     9180.18901|    13526.70300|    14440.81209|     9835.71309|     9421.99432|        0.00000|    18960.51435|    12526.91003|    14704.34611|    13216.29152|    18689.36863|     8550.83418|     9937.26751|    20248.57045|     1832.76568|     4424.54359|    14646.06682|     8687.40941|     9714.40143|    12387.68015|    16247.77279|    18130.04960|    14402.91479|     9097.06521|    11707.63132|    15576.31472|    14363.96731|    15512.87360|    15517.38167|    13874.44710|    13433.99903|    12570.26296|    12089.20515|    14699.98191|    18252.98028|    14801.47003|     6968.25446|     4775.75963|    13028.53712|    11779.49237|    12632.13021|    14871.35101|    12202.16706|    14881.62454|    15161.65711|     9657.87063|    17258.62591|    16418.95345|    14279.54710|    12135.77900|    18455.46403|
    16316.95871|     6312.25037|     7013.44443|    13947.56598|    10048.53652|    17103.34885|     9914.31965|     9404.00150|    16286.09054|        0.00000|    11413.94918|    13735.56354|    15355.10557|     6282.76565|    15850.36646|    21712.47952|    15305.19957|    12667.27499|    14387.46994|    12419.52487|    26005.06781|     9773.59391|    15398.85354|    16198.16341|    15209.70686|    12314.66250|    12796.71040|    16702.62698|    10085.38992|    18642.33167|    12629.71714|    13946.12228|    12767.98022|     1886.30644|    13813.04786|    14805.70555|    15759.68587|    13699.73861|    18088.60182|     8600.89321|    10731.63561|    11347.20820|     6453.90998|    15046.91871|     8891.55965|    18575.59565|    10514.68786|    18181.78303|    11511.58592|    12203.79394|    17157.71662|    11360.38840|     6387.77589|    13448.07784|     6585.79258|    13408.13603|    19677.49103|    16752.56094|    10620.80962|    17001.53562|    10818.50364|    12316.23158|     6176.20631|     8697.08632|     8446.29817|    14442.62807|     6753.19770|    15833.13447|     7287.48428|     8990.62201|    17731.65650|    11611.68912|    11215.23565|    10055.99764|    11023.95467|    16981.37290|    11796.02901|    12145.87890|    21770.71711|    13374.99862|    14834.49138|    23983.34418|    11914.61685|    15448.49682|     7178.72895|    11446.11967|    10930.32124|    17987.13618|     4128.67788|    12257.64392|    18890.17384|    15553.74943|    17017.80533|     5219.76238|     9023.59272|    11547.31819|    15862.18610|    10631.26522|    15337.42131|    11286.87260|    16727.57836|    13646.00163|    14229.61374|     9653.95760|        0.00000|    15831.99688|    15750.04076|     6586.10253|    14629.17435|    13835.61556|     8782.79746|    11995.32334|    14533.93617|    17174.61899|    11861.54695|    16045.88183|    16124.41277|    13407.42290|    13718.12176|    17056.11154|    14503.83377|    15440.63791|    16144.28869|    14006.14521|    16708.47403|    13961.37427|     7394.63002|    15456.27779|    17242.83600|     2852.09151|    14583.44634|    11907.18059|    10580.91998|    17485.38927|    11613.60095|    14405.25782|    13440.98658|     5134.73145|    16371.99741|     7721.83437|    14752.52802|     4083.92348|    11634.74671|    15279.78110|    12892.04403|    12404.87284|    19653.12685|    12518.14625|    16022.81326|    14014.19517|
    21056.31443|    17726.19955|    14022.07202|    25361.51516|    17057.16412|    11290.89438|    17012.49758|    20817.95068|     9133.25637|    11413.94918|        0.00000|    20678.59473|    21929.64057|    17696.71483|    27264.31564|    28721.10712|    24264.76026|    19675.90258|    21880.03332|    21511.55514|    34006.16488|    17576.40867|    16856.22717|    20755.48108|    18625.46143|    19323.29009|    16984.25624|    25867.23236|    18048.92669|    27040.21939|    20593.25391|    20954.74987|    24181.92940|    13300.25563|    25010.75037|    20843.92207|    23652.09961|    25113.68779|    17458.49739|    20014.84239|    21649.71932|    14988.55202|    17867.85916|    15514.94813|    20305.50883|    19043.62508|    18007.25125|    11028.94886|    22925.53511|    23617.74312|    25050.13036|    15001.73222|    17801.72507|    24862.02702|    17999.74177|    20082.19962|    26843.51172|    10543.96400|    22034.75880|    18248.00426|    18519.76220|    17022.03426|    17590.15550|    12338.43014|    19860.24735|    21801.59597|    18167.14688|    21732.21744|    18701.43346|    18305.90293|    18199.68592|    19928.10259|    22133.31936|    17064.62523|    22437.90385|    28395.32208|    23209.97820|    23559.82808|    28868.89504|    20118.57679|    19270.41284|    30690.79290|    23328.56603|    20140.36922|    18592.67813|    20461.25205|    22344.27042|    20204.72099|     7285.27131|    17608.23236|    25898.80143|    24560.19871|    24749.33441|    16633.71156|    13211.13857|    18555.94578|    17558.43911|    22045.21440|    22346.04890|     9748.64385|    22659.95938|    23574.06846|    18968.96946|    18555.25070|        0.00000|    20342.65650|    17207.79991|    18000.05171|    22349.54790|    25249.56474|    17684.09055|    19070.52389|    25947.88535|    10966.02205|    13557.79997|    23779.32319|    17820.66579|    18847.65781|    21520.93653|    21396.11370|    25917.78295|    20342.77250|    18230.32159|    17647.48903|    24709.57109|    19333.73980|    18808.57920|    22554.45572|    23007.70348|    14266.04069|    21703.51933|    21222.46152|    21994.86916|    24192.83799|    23027.55013|    16101.51084|    13909.01600|    16548.68063|    20912.74874|    19135.78355|    22716.06478|    15497.87266|    20881.58562|    24294.91349|    18791.12700|    23818.82203|    25552.20983|    20219.40481|    20705.64124|    25428.14435|
    17689.41090|    14348.80153|     9190.95370|    16881.31101|    11398.79619|    10881.56111|    12181.37925|    10231.74509|    11545.33835|    13735.56354|    20678.59473|        0.00000|    12764.85168|    12301.38877|    19421.83695|    23889.98879|    14758.14309|    14844.78426|    15215.21352|    10686.60062|    31367.57737|    11039.22279|    15281.78886|    18497.26009|    13939.94937|     9442.42029|    14770.39034|    16453.07943|    10407.03362|    14074.84338|    12951.36084|    11073.88007|    12220.92374|    11849.25710|    17118.54086|    17315.95259|     7432.91988|    13028.38745|    17049.16412|     5134.67033|    12152.51730|    10032.00167|     7281.65356|    14898.46541|    13378.70752|    18427.14236|    11342.43144|    12507.93401|    13203.14399|    13960.78442|     8830.95064|    13537.89767|    16887.99099|    11682.17558|    14622.34375|    16364.17393|    19006.13987|    10134.63073|    13926.30262|    17774.08689|     6500.79149|     7998.51944|    14212.75748|    10874.59558|    10137.85624|    15708.25695|    10219.29834|    14563.37698|     7609.12798|    10256.25089|    17583.20320|     3284.92313|    11668.91726|    12233.50690|    12715.51273|    18672.93097|    12685.65632|    11598.82242|    20617.70058|    14452.45861|    16794.70029|    19665.63203|    17933.23997|    17747.59350|    14532.04451|    11368.14551|    14501.79173|    14520.91329|    17864.24142|    13890.20667|    14328.07024|    19729.08038|    16365.72836|    13256.31354|    11747.30401|    13724.82746|    18039.69536|    12322.82329|    12465.17910|    13464.38187|    15528.95415|    14480.96192|    15602.06594|    15016.46716|        0.00000|    15771.37280|    17015.66965|    14622.65370|    10061.68606|    15527.17363|    14145.30701|    11448.26686|    14855.57987|     9712.57268|    14039.05621|     7719.11585|    16873.82647|    13290.35822|    14401.83549|    17883.85512|    15331.57735|    13707.71366|    11576.80040|    12690.93868|    22070.98358|    16328.38322|    15431.18119|    14303.26125|    17234.18230|    13352.30662|     6256.68036|     7339.69230|     3154.64356|    13167.67712|    12868.08439|    16582.76708|    14706.61546|     8600.83209|    13781.74351|     7174.77789|    15074.17172|    12120.47465|    15925.03527|    15201.80695|    11622.28654|    14096.43091|    18383.36936|     8200.43410|    14753.05577|    15705.75324|
    11681.38265|    13232.86208|     8623.64946|     7498.40255|     9217.69016|    13724.14152|     9655.36684|    13598.41182|    12796.38420|    15355.10557|    21929.64057|    12764.85168|        0.00000|    15257.58000|    15530.06963|    23058.07603|    11532.50345|    14012.87150|    16717.33894|    10410.83019|    29273.18911|     5581.51167|     9761.47009|    12509.53551|     7671.45906|     3322.43139|    12142.88773|    14538.54651|    10209.45273|    11435.42868|    12753.77995|     1690.97161|    14069.72280|    13468.79913|     8444.66668|    18224.79392|    13627.92529|     8899.66164|    13368.95442|    13521.40718|    12875.79721|    10014.48546|    11539.55266|    10781.97236|    12554.40888|    14310.64931|    13033.18468|    14692.07669|    16897.20648|    15926.34937|    15025.95605|    12970.59343|    16320.68675|    13900.33368|    14055.03951|    17354.74554|    14877.41406|    14126.42250|    11636.90492|    12145.30038|    13545.69564|    12047.96769|    11183.93016|    10307.29134|    13831.91872|     7325.54801|    11838.84038|    12930.21234|    10204.83967|     6364.48357|    13466.71015|     9479.92855|    12392.19717|    11666.20266|    11338.02593|    17295.44416|    10729.49820|     7345.80193|    11234.79213|     8444.43036|     9856.73113|    10207.39232|    10764.41817|    11759.86892|    12350.93847|    13482.48686|    10610.02441|    10945.39649|    19483.78345|    14880.77828|     8212.41117|    17490.15736|    13726.31366|    12140.37410|    11179.99977|    10409.62730|     8997.69123|    11730.71538|     3082.27065|    12897.07763|     2764.10247|    14072.57599|     9594.03768|    13369.29134|        0.00000|    18311.51770|     7948.47541|    14055.34946|     8147.15313|    14149.68683|    12498.13119|    13884.56453|    17451.29156|    14548.48056|     8371.84061|    13914.12126|     4108.97479|     7770.03945|     1636.98381|    12676.66646|    16240.28522|    10050.83192|     9662.26747|     7355.54845|    19976.59533|    14492.37129|    14863.87695|     4920.35280|     9296.01248|    12785.00238|    12451.68577|     5425.15938|    15501.43394|    11984.92611|    10547.07013|     7540.76295|     9248.90434|    10220.37413|     1016.89183|     9770.48959|     7331.48905|    11553.17041|    15907.51905|    16985.85435|     9989.12189|    13504.32300|    16750.20472|    15245.33825|     9124.26927|    11555.40501|
    13124.77506|     6890.83298|     7592.02705|     8897.86682|    10250.46282|    16222.86376|    10582.45261|    10084.01287|    16491.34970|     6282.76565|    17696.71483|    12301.38877|    15257.58000|        0.00000|     9567.60082|    22291.06214|    17829.39885|    13245.85761|    14681.50840|    10886.29805|    25162.78588|     9676.06833|    13150.17239|    11268.59056|    13239.75516|    12893.24512|    11704.73211|    10419.86134|    11242.22539|    18164.73333|    13786.55261|    14186.93382|    15335.64548|     8169.07209|    10842.16786|    11111.16110|    13063.80107|    15911.92483|    16149.82746|     8018.20770|     6278.96030|     9331.80746|     7133.92135|    14198.27120|     5404.38381|    17726.94814|    11194.69923|    18387.04219|     5228.82028|     9329.51246|    13698.52126|    11938.97102|     6966.35851|     7303.49677|     7164.37520|    11469.36167|    17110.75075|    16655.03536|    11199.39224|    10718.76998|     5800.59728|     7298.32522|     6754.78893|     9275.66894|     2163.53253|    13480.29366|    10071.56613|    13863.18277|     9855.14954|     8893.09643|    16883.00899|    11237.61576|     5795.36026|    10634.58026|     4741.18902|    10698.60725|     5513.26337|    14713.54416|    17389.53778|     9887.82278|    11300.61149|    18965.43782|     5631.85121|    10518.92397|     7117.21450|     5163.35402|     4647.55559|    16874.00723|    10411.44352|    13943.32893|    14765.07194|    15552.36761|    15873.84835|     5798.34500|    10148.37737|    12125.90081|    16067.44526|     4348.49958|    12913.18061|    11865.45522|    18021.68247|     8276.17043|    11037.43010|     8811.67567|        0.00000|    16512.00825|    15652.51519|     7164.68515|    10498.68775|     7552.84992|     7940.51552|    10195.03782|    14565.66747|    17077.09342|    12066.80611|    12100.30294|    16329.67193|    13550.19538|    13620.59619|    17480.68882|    15183.84513|    13907.41109|    15479.14539|    11990.74447|    15866.19209|     9355.24855|     7973.21264|    11075.09845|    17444.76230|     3430.67413|    10274.81917|    11809.65502|     9998.23447|    12467.48291|     5330.83530|    14610.51698|    13343.46100|     8453.09988|    16274.47183|    10289.49963|     8663.96221|     4662.50610|    12213.32933|     8997.01546|    10922.09233|     6122.10720|    17683.17515|     7500.23989|    11171.27190|     7731.42953|
    18887.42475|    16458.43380|    17012.83869|    18465.46764|    17709.92370|    17674.45538|    14022.41314|    17290.74668|    18338.23262|    15850.36646|    27264.31564|    19421.83695|    15530.06963|     9567.60082|        0.00000|    31034.60544|    10976.97888|    21989.40091|    21828.80070|    11849.66354|    33713.09951|     9948.55796|    16504.99151|    20283.13762|    16651.49770|    14184.87264|    11977.22174|    19859.36469|    16718.16113|    18817.29572|    16055.65676|    15816.33241|     8439.75953|    16269.90162|    18131.75626|    20678.76192|    20284.91056|    13609.82069|    13806.86322|    16487.63838|    14117.35475|    14937.31940|    14340.65515|    15221.88276|    14971.98462|    18750.55971|    17956.01863|    20144.94438|    14796.42110|    18759.17030|    19498.70302|    14970.86832|    16533.95932|    15432.46482|    16731.97602|     9126.39743|    19587.57311|    16927.52499|    15089.36553|    20148.42782|    15368.19810|    16865.92604|    15550.97646|    16623.04785|    11731.13335|    14617.59212|    14639.94287|    17274.92531|    13920.25548|     9165.58606|    17906.62055|    16136.91382|    13633.75471|    20055.39190|    14170.84686|    20128.26509|    15080.86419|    15163.68040|    23337.22666|    17949.68711|    14263.37834|    19529.43848|    15199.45202|    19533.47103|    16684.81532|    14730.95484|     4920.04522|    17146.49686|    19979.04434|    11600.36469|    19070.52259|    15824.85723|    21108.18071|    15365.94582|    15750.33942|    19175.48131|    20397.30829|    13778.15742|    17207.63145|    19212.83413|    18294.17210|    17843.77125|    16800.07978|    18379.27649|        0.00000|    22881.85735|    15925.00482|    15948.43092|    14804.13840|    16982.50776|    17508.11634|    17759.39436|    21166.70737|    17349.58305|    21484.09089|    17771.45551|    19639.04442|    14513.56087|    13893.08582|    17753.17845|    22390.57894|     9583.09892|    15766.78332|    12278.38240|    24416.50573|     9627.73818|    16194.48243|    17022.78733|    21424.16522|    12998.27495|    19108.67104|    12082.14465|    18467.66515|    13031.48357|    14898.43612|    18940.38001|    13615.95063|    13021.47662|    16546.96146|    13485.90539|    18231.56302|    14230.10692|    20830.35300|    16530.95278|    14333.83487|    12004.54979|    21094.91769|    17067.84071|    17464.60410|    15021.01793|
    29534.39313|    19856.88292|    14699.03509|    26812.83513|    17734.12718|    19768.97309|    17689.46065|    25413.51673|    20432.75033|    21712.47952|    28721.10712|    23889.98879|    23058.07603|    22291.06214|    31034.60544|        0.00000|    26348.89485|     9045.20453|    25924.28016|    25915.36601|    39796.39269|    21086.04748|    25334.30588|    26041.32980|    22918.17826|    20000.25316|    21028.50308|    29614.87725|    18725.88975|    28113.25045|    21270.21697|    21631.71293|    27004.29134|    23598.78597|    28385.40800|    26195.04701|    24753.06240|    27936.04973|    25936.57610|    24610.40844|    25693.96615|    19032.79886|    22463.42521|    26028.69156|    22580.20619|    29557.36851|    22051.49808|    22239.46210|    26312.34918|    28212.09044|    26151.09316|    19045.97906|    22396.07239|    27136.72438|    20130.42514|    24890.44995|    31406.01976|    19022.04271|    26629.10612|    27386.38038|    22564.00904|    21066.28110|    19720.83887|    16382.67698|    23247.06143|    25636.61399|    20850.58260|    27631.13864|    21523.79540|    21869.01938|    28713.42935|    20605.06565|    25583.58468|    17741.58829|    25824.71793|    31782.13616|    24343.42315|    26382.19002|    29545.85811|    27063.64516|    23130.03128|    33265.46835|    27922.91335|    25291.66321|    20867.37550|    20247.23994|    26114.56022|    18106.52171|    25841.15740|    27364.41721|    26575.76449|    25237.16177|    27376.67421|    18764.39494|    17255.38540|    19232.90885|    23547.77675|    25432.02848|    23023.01197|    18972.46326|    23788.39483|    17134.42353|    27447.04817|    23445.28248|        0.00000|    24386.90334|    15109.60063|    20130.73509|    24824.97490|    28636.37882|    23024.40144|    25059.86152|    28770.24729|    19444.10076|    19547.13761|    25039.25836|    18949.10124|    26697.69409|    24695.05984|    25440.36054|    29890.64577|    24387.01934|    25180.13679|    21691.73587|    30499.79891|    23377.98664|    20939.26258|    23231.41878|    24136.13893|    18860.38801|    23576.82288|    22102.98115|    26590.43521|    28237.08483|    24525.85122|    22090.84848|    24753.44015|    21144.24668|    22041.18420|    21958.14549|    23393.02785|    17628.55604|    24925.83246|    24080.90137|    24690.04820|    27205.63610|    31451.13102|    24263.65165|    24749.88807|    26977.14087|
